36 69 115 226 278 343 345 358 368 370 401 450 489 494 573 577 581 583 610 682 692 705 722 832 862 886 908 923 932 960 977 
8 51 55 73 78 117 140 175 187 229 266 295 304 366 381 413 424 429 501 512 523 529 538 572 575 576 593 675 676 688 735 758 785 797 812 823 826 843 854 868 871 888 893 956 982 
53 55 98 159 192 322 332 402 412 413 424 430 450 480 526 538 569 571 572 598 666 672 694 701 797 809 820 826 897 904 928 943 952 956 992 
48 203 205 227 279 294 320 335 359 414 509 525 529 780 814 850 871 885 922 928 950 984 
58 69 73 82 120 146 166 178 217 220 244 256 334 357 378 462 470 487 498 528 538 601 625 658 720 749 763 790 795 800 820 868 883 912 918 919 934 935 941 947 978 982 
10 18 75 120 185 194 205 206 321 339 397 477 494 509 544 593 598 618 623 680 720 809 840 876 893 900 913 937 949 956 964 989 
38 175 243 329 371 378 385 440 450 541 554 581 597 622 658 663 722 777 788 800 830 843 849 883 887 888 913 947 956 966 981 989 
20 31 35 38 71 73 98 102 120 127 132 140 204 217 242 243 257 265 294 340 362 368 387 401 419 470 489 509 514 530 533 548 573 602 633 658 665 675 682 694 795 800 854 871 878 895 897 904 914 960 988 
1 4 49 72 107 108 115 124 142 146 162 204 215 225 230 242 266 279 296 314 315 316 318 331 347 509 541 576 605 612 624 688 692 706 730 744 830 858 868 890 919 975 981 999 
21 38 59 71 72 104 122 137 180 196 204 207 256 266 279 334 338 339 421 438 480 523 541 577 617 634 684 741 765 771 830 871 885 894 905 922 967 982 
28 54 55 70 82 115 204 205 225 245 296 333 350 356 366 388 401 411 460 472 480 525 529 598 620 641 657 675 742 753 758 781 800 805 807 826 829 890 900 914 916 937 941 964 966 984 
10 27 100 104 175 206 296 360 394 400 413 422 440 449 517 536 557 578 647 711 769 789 829 844 883 890 893 895 934 944 946 949 970 982 
16 51 54 55 69 100 171 179 182 183 187 236 254 266 346 351 354 355 362 373 377 424 438 459 464 470 494 529 545 561 575 585 594 606 617 657 662 674 678 686 694 706 752 794 820 834 876 884 888 890 900 919 975 982 
38 39 43 45 129 136 174 194 203 241 293 296 362 368 419 437 440 493 567 572 585 614 622 639 651 675 692 707 750 766 789 792 828 835 887 888 918 947 950 
15 70 120 122 143 183 205 229 272 274 279 280 283 287 294 299 351 354 381 487 529 562 568 581 638 685 716 738 766 775 788 804 826 885 948 966 982 984 998 
43 45 67 73 90 111 112 118 142 154 155 197 198 206 236 303 311 326 345 346 450 467 470 507 520 538 558 597 631 650 658 692 709 720 736 746 784 790 797 841 909 
25 26 32 107 112 161 163 217 243 276 294 339 378 449 450 528 614 622 658 701 769 820 829 887 888 889 900 914 928 966 994 
51 97 105 110 115 145 183 187 204 205 274 283 295 321 326 347 367 413 438 450 466 504 523 529 561 562 585 598 611 653 688 810 874 897 914 922 932 943 960 966 968 
8 31 46 73 93 118 132 141 196 259 263 276 314 339 354 368 408 414 427 522 598 612 628 629 631 641 661 671 744 782 800 829 914 
22 25 85 102 115 121 131 132 145 151 201 216 217 220 227 262 266 338 359 364 385 401 419 470 523 526 563 597 621 631 649 690 692 720 746 758 764 797 829 833 838 886 899 936 
